ALB,     .07
ALBSN,   .3
KSNVP,   .009734
Z0G,     .02
MAXHT,   25
MAXLAI,  7.693270
MXRTLN,  3000.001
MXKPL,   7.03463
FXYLEM,  .5
CS,	.035
PSICR,  -2
GLMAX,   .494377
LWIDTH,  .004
CR,      .550
TL,      0
T1,      10
T2,      30
TH,      40
ROOTDEN
50.   50.   50.   50.   50.   50.   50.   50.   50.   50.   50.   50.   50.
1.00  1.00  1.00  1.00  1.00   .30   .20   .10   .10   .10   .00   .00   .00
50.   50.   50.   50.   50.   50.   50.   50.   50.   50.   50.   50.
.00   .00   .00   .00   .00   .00   .00   .00   .00   .00   .00   .00
End