1999   1   1   3   3.6   -1.9   0.48   3.8   0   0.549
1999   1   2   3.79   7   -0.3   0.48   3.8   0.2   0.531
1999   1   3   2.89   5.3   -0.1   0.64   4.5   5.6   0.54
1999   1   4   2.21   10.6   2.6   0.76   5   0.3   0.646
1999   1   5   2.45   13.3   8.7   1.07   4.9   0   0.585
1999   1   6   3.98   15.3   8.5   0.79   4.5   0   0.526
1999   1   7   1.36   10.6   2.7   0.75   5.4   3.3   0.514
1999   1   8   1.68   4.2   0.6   0.68   3.5   7.9   0.561
1999   1   9   0.53   1.5   -0.5   0.62   3.3   6.7   0.87
1999   1   10   4.19   0   -4.4   0.49   2.3   0   0.914
1999   1   11   0.62   1.6   -1.8   0.58   2.9   11.2   0.703
1999   1   12   2.66   -1   -5.7   0.44   4.8   3.8   0.655
1999   1   13   1.47   0.6   -6.3   0.44   4.6   4.2   0.609
1999   1   14   1.05   2.3   -1.1   0.61   5.2   2.3   0.665
1999   1   15   1.59   4.9   0.5   0.66   6.2   0.2   1.073
1999   1   16   1.18   9.2   3.4   0.66   6.2   0.2   1.393
1999   1   17   5.04   12.5   3.6   0.53   3.8   0   1.103
1999   1   18   3.94   11   -1   0.59   2.7   0   0.88
1999   1   19   5.26   8.8   -1   0.64   4.1   0   0.775
1999   1   20   5.51   13.1   0.8   0.59   4.2   0   0.712
1999   1   21   5.44   13.6   -0.9   0.62   3.1   0   0.656
1999   1   22   0.81   4.3   -0.9   0.72   2.3   0.7   0.62
1999   1   23   4.79   9.7   -0.9   0.68   2.6   0   0.598
1999   1   24   4.52   9.7   0.2   0.55   4.1   0   0.565
1999   1   25   3.08   10   4.7   0.85   6.1   4   0.54
1999   1   26   2.03   9.1   0.2   0.76   3.7   1.6   0.592
1999   1   27   1.5   2.4   -1   0.59   3.9   6.1   0.604
1999   1   28   2.76   2   -1.6   0.58   2.8   8   0.646
1999   1   29   3.53   -1.7   -7.8   0.35   4.3   4.8   0.609
1999   1   30   2.58   -4.4   -8.5   0.34   3.6   4.5   0.523
1999   1   31   5.99   -7.1   -17.5   0.19   2.7   0.2   0.46
1999   2   1   1.46   0   -9.6   0.44   4   0.7   0.468
1999   2   2   1.25   0.4   -0.1   0.59   3   0.8   0.479
1999   2   3   0.8   2.4   0.4   0.66   5   13.2   1.103
1999   2   4   1   6.1   2.2   0.79   6.1   7   5.391
1999   2   5   1.85   5.4   -0.4   0.6   6.5   9.8   4.62
1999   2   6   1.71   0   -0.8   0.54   5.7   6.9   3.259
1999   2   7   1.66   0.2   -2.8   0.53   3.6   9   2.385
1999   2   8   3.97   -0.4   -4.2   0.45   3.6   3.3   1.817
1999   2   9   4.69   -0.6   -8.8   0.37   2.7   0.3   1.499
1999   2   10   8.45   -0.6   -13.5   0.34   2.7   0   1.264
1999   2   11   7.38   -2.5   -16.8   0.23   2.1   0   1.056
1999   2   12   5.97   -3.8   -11.1   0.34   2.9   0   0.914
1999   2   13   1.34   -2.8   -5.7   0.42   4.4   3.6   0.843
1999   2   14   3.05   -3.8   -6.5   0.4   2.2   3.5   0.797
1999   2   15   9.48   2.5   -9.8   0.39   4   1.2   0.754
1999   2   16   2.01   1.5   -2.4   0.53   5.7   10.9   0.767
1999   2   17   4.1   0.1   -2.9   0.49   6.1   7.7   0.762
1999   2   18   4.86   0.6   -3.2   0.49   4.1   2.4   0.702
1999   2   19   2.74   4.4   -2.5   0.64   4.3   14.4   0.952
1999   2   20   2.83   4.5   -0.5   0.68   3.2   1   4.361
1999   2   21   4.3   4.1   -0.5   0.59   4.2   8   3.273
1999   2   22   5.64   2.6   -1.3   0.56   4.2   6.7   4.369
1999   2   23   4   0.7   -2.2   0.55   4.6   13.3   3.146
1999   2   24   3.26   0.4   -3.2   0.53   3.9   11.2   2.288
1999   2   25   8.12   1.4   -3.7   0.49   4.3   0.2   1.767
1999   2   26   2.66   4.1   -1.1   0.62   5   2.4   1.862
1999   2   27   11.22   13   -1.2   0.64   3.6   0.9   2.781
1999   2   28   8.46   8.8   1.1   0.68   3.6   0   4.44
1999   3   1   3.57   9.2   1.9   0.68   6.9   4.5   5.278
1999   3   2   2.97   8.7   2.9   0.89   3.6   8.9   7.015
1999   3   3   4.39   11.2   5.6   0.91   5.1   0   6.535
1999   3   4   6.76   11.7   2.3   0.86   2.5   0   4.129
1999   3   5   1.68   5   2.2   0.77   3.1   3.6   3.114
1999   3   6   5.96   5.9   -1.2   0.58   4.4   0.4   2.38
1999   3   7   7.86   5.4   -2.8   0.51   2.7   0   1.751
1999   3   8   10.09   6.6   -3   0.55   3.5   0   1.446
1999   3   9   3.39   6   -0.8   0.65   3.3   1.9   1.291
1999   3   10   3.32   7.2   0.5   0.75   2.4   7.4   1.218
1999   3   11   2.09   1.9   -0.4   0.6   2.9   0.2   1.494
1999   3   12   14.1   8.5   -5.3   0.52   2.2   0   1.19
1999   3   13   11.61   12.4   -4   0.59   2.4   0   1.045
1999   3   14   7.62   11.9   1   0.75   2   0.5   0.932
1999   3   15   6.9   8.5   0.4   0.74   3.3   0.6   0.844
1999   3   16   3.06   0.7   -1.5   0.52   2.7   0.5   0.784
1999   3   17   9.21   5.2   -4.6   0.46   2.2   0   0.734
1999   3   18   14.43   8.5   -5.7   0.53   3   0   0.707
1999   3   19   7.06   6.1   -2.1   0.61   3.5   1.6   0.686
1999   3   20   5.58   3.4   0.6   0.64   3.4   7.7   0.675
1999   3   21   5.03   6.5   0.6   0.71   3.4   0.2   0.789
1999   3   22   6.67   8.7   2.5   0.7   3.2   2   0.72
1999   3   23   4.39   3.6   0.2   0.69   4.4   4.7   0.679
1999   3   24   7.06   11   0   0.84   3   0.9   0.674
1999   3   25   16.27   18.3   1.7   0.91   3.6   0   0.608
1999   3   26   13.98   17.8   5.1   0.89   2.7   0.7   0.54
1999   3   27   12.76   16.7   2.5   1.11   2.8   1.9   0.506
1999   3   28   2.2   9   3.7   0.89   2.7   0.9   0.494
1999   3   29   3.94   6.9   -0.1   0.77   1.9   0   0.49
1999   3   30   14.35   13.8   -0.6   0.78   2.1   0   0.458
1999   3   31   15.29   16.1   -0.6   0.69   1.9   0   0.42
1999   4   1   16.23   17   -0.7   0.69   2.5   0   0.382
1999   4   2   13.99   16   -1.8   0.7   2   0   0.348
1999   4   3   14.36   16.4   0.5   0.76   1.7   0   0.321
1999   4   4   8.31   14.9   3.4   0.95   3.4   11.9   0.326
1999   4   5   6.29   13.6   6.7   1.07   2.9   0   0.373
1999   4   6   9.81   17.8   6.3   1.1   4.3   3.2   0.336
1999   4   7   6.69   11.8   6.1   0.98   3.1   6.9   0.425
1999   4   8   5.36   7.9   5.4   0.92   2.8   2.4   0.507
1999   4   9   13.74   13.5   4   0.95   2.9   0   0.438
1999   4   10   17.11   16.8   4.3   0.93   3.6   0.2   0.362
1999   4   11   4.11   10.7   3.3   1.01   2.8   3.5   0.359
1999   4   12   11.8   11.8   3.8   0.74   4   0   0.361
1999   4   13   10.19   11.6   1.1   0.81   3.5   2.8   0.326
1999   4   14   14.66   9.1   0.4   0.61   5.1   0   0.316
1999   4   15   4   8.4   1.9   0.63   3.6   3.5   0.293
1999   4   16   5.24   5.7   0.1   0.69   2.2   16.1   0.339
1999   4   17   1.89   1.7   -0.2   0.64   3.5   4.7   0.85
1999   4   18   11.92   7.6   -0.4   0.64   3.7   0   1.269
1999   4   19   17.64   9.5   -1.3   0.62   3   0   0.821
1999   4   20   17.72   10.6   -2.2   0.58   2.4   0   0.605
1999   4   21   10.34   10.5   -3.3   0.76   4.3   0.5   0.52
1999   4   22   17.76   16.7   4.2   0.88   3.8   0   0.456
1999   4   23   16.36   17.7   3   0.92   2.7   0   0.389
1999   4   24   13.99   18.6   2.4   0.98   1.9   0   0.346
1999   4   25   14.75   17.1   4   1.03   2.6   0   0.319
1999   4   26   9.16   15.1   3   0.93   2   1.4   0.308
1999   4   27   2.91   9.6   3.8   1.03   2.2   2.5   0.307
1999   4   28   4.32   10.1   6.9   1.08   2.8   0.2   0.334
1999   4   29   17.75   13.4   2   0.94   3.3   0   0.314
1999   4   30   23.79   18.4   -0.3   0.83   2.4   0   0.274
1999   5   1   22.33   20   2.4   0.97   2.7   0   0.24
1999   5   2   22.14   15.1   3   0.73   2.4   0   0.216
1999   5   3   21.07   18   2.1   0.83   2.3   0   0.197
1999   5   4   20.18   15.1   1.6   0.73   4.3   0   0.181
1999   5   5   23.12   15.8   5.1   0.63   4.3   0   0.163
1999   5   6   18.34   13.7   4.3   0.64   3.8   0   0.15
1999   5   7   12.46   15.8   4.9   0.85   3.2   0.5   0.144
1999   5   8   5.06   15.6   7.5   1.3   4   17.9   0.272
1999   5   9   19.97   18.7   5.7   1.15   3   0   0.344
1999   5   10   18.2   21.1   6.1   1.1   3.6   3.4   0.219
1999   5   11   15.25   18.4   9.6   1.31   2.8   17.7   0.258
1999   5   12   16.86   18.1   7.8   1.38   2.7   11.7   0.599
1999   5   13   17.12   17.2   8   1.15   3.4   1.6   0.64
1999   5   14   14.53   16.1   7.1   1.1   2.5   9.7   0.397
1999   5   15   12.46   10.3   5.7   0.84   3.9   1.9   0.587
1999   5   16   13.14   13.4   2   0.83   3.3   0   0.456
1999   5   17   20.83   15.2   -0.5   0.86   2.8   0   0.342
1999   5   18   26.03   18.5   0.6   0.74   3.9   0   0.272
1999   5   19   25.15   20.2   8.6   0.88   5.5   0   0.229
1999   5   20   23.93   22.2   7.5   1.21   2.6   5.6   0.21
1999   5   21   6.38   17   12.5   1.57   2.6   12.6   0.359
1999   5   22   4.83   14.2   7.8   1.38   3.1   3.1   0.853
1999   5   23   22.78   15.8   5.9   0.89   3.3   0   0.525
1999   5   24   20.5   21.2   3.8   1.04   2.8   0   0.354
1999   5   25   13.92   19.6   11   1.15   2.8   0   0.284
1999   5   26   22.58   19.3   7.6   1.19   1.8   0   0.245
1999   5   27   26.35   24.2   5.5   1.27   2.4   0   0.213
1999   5   28   24.81   26.8   8   1.56   2.8   0.8   0.186
1999   5   29   21.85   24.7   12.6   1.67   2   0   0.171
1999   5   30   24.32   28.6   11.2   1.8   3.7   5.3   0.158
1999   5   31   19.17   23.3   11.2   1.59   3.3   0   0.177
1999   6   1   27.01   21.9   8.7   1.16   1.7   0   0.146
1999   6   2   21.63   25.7   11.6   1.51   3.1   4.6   0.128
1999   6   3   19.48   22.2   10.5   1.47   3.7   0.6   0.129
1999   6   4   11.61   18.8   9.9   1.3   3.7   0.9   0.117
1999   6   5   20.7   23   9.3   1.23   3.8   0.5   0.105
1999   6   6   8.18   17   10.1   1.25   2.6   0.9   0.103
1999   6   7   15.44   18.4   7.5   1.19   2.3   0   0.1
1999   6   8   6.84   19   8.9   1.36   2.9   6.6   0.118
1999   6   9   18.54   17.2   6.5   1.09   2.7   0   0.115
1999   6   10   12.05   20   6.6   1.35   1.9   2.8   0.094
1999   6   11   3.89   12.7   7.5   1.34   2.8   1.5   0.112
1999   6   12   6.14   14.5   6.5   1.21   1.5   3.5   0.128
1999   6   13   19.16   18.5   4.8   1.22   2.1   0   0.118
1999   6   14   11.14   17.7   9.7   1.35   2.3   0   0.095
1999   6   15   18.27   19.1   11.6   1.33   2.2   0   0.084
1999   6   16   15.15   19.8   8.4   1.4   2   0   0.076
1999   6   17   17.42   22.2   11.1   1.46   1.9   10.5   0.074
1999   6   18   3.17   13.9   9.2   1.26   3.6   59.7   1.265
1999   6   19   7.48   14.9   9.7   1.34   3.4   0.4   5.168
1999   6   20   19.47   21.7   10.1   1.43   3.2   2.4   1.47
1999   6   21   11.28   15   8.6   1.16   3.4   0.2   0.861
1999   6   22   14.5   13.2   6.9   1.02   4.3   0   0.605
1999   6   23   16.75   15.9   4.9   1.02   2.9   0   0.459
1999   6   24   14.14   17.1   6.7   1.13   2.3   2.4   0.405
1999   6   25   14.16   17.1   6   1.14   1.7   1.1   0.381
1999   6   26   21.5   21.7   4.4   1.27   2.4   0.2   0.328
1999   6   27   13.8   24.4   13.7   1.61   3.9   10.6   0.415
1999   6   28   12.98   20.6   9.4   1.49   3.4   0   0.452
1999   6   29   20.92   22   7.7   1.37   2.9   0   0.299
1999   6   30   13.87   23.7   10.8   1.7   2.8   2.7   0.246
1999   7   1   16.18   21.7   14.2   1.62   2.5   0.8   0.23
1999   7   2   16.03   21.6   12.2   1.55   3.3   0   0.204
1999   7   3   26.63   27.9   10.5   1.57   3.8   0   0.176
1999   7   4   18.78   29.2   16.6   2.22   2.4   6.5   0.187
1999   7   5   20.46   31.2   17   2.17   3.7   18.2   0.175
1999   7   6   6.57   20.6   16.1   1.95   2.6   37.1   0.981
1999   7   7   5.24   16.6   13.9   1.67   2.6   11.4   8.345
1999   7   8   11.88   20.7   13.4   1.65   3.2   1.2   4.067
1999   7   9   11.61   21.1   14.1   1.59   3.5   1.3   2.059
1999   7   10   20.34   25   15.8   1.8   4.7   0   1.306
1999   7   11   21.65   24.2   12.3   1.77   3   0   0.934
1999   7   12   20.14   26.2   14.5   1.89   2.6   0   0.73
1999   7   13   16.37   25.1   14.4   2.03   3.1   6.9   0.682
1999   7   14   7.9   18.5   12.3   1.76   3.2   24.2   2.173
1999   7   15   11.25   16.1   11.2   1.48   2.7   7.7   2.297
1999   7   16   19.5   20.7   9.4   1.4   2.8   0   1.405
1999   7   17   24.68   24.6   10.7   1.48   2.6   0   0.875
1999   7   18   23.74   27.7   11.1   1.5   3.2   0   0.644
1999   7   19   25.85   29   17.3   1.19   4.1   0   0.506
1999   7   20   13.53   26.1   14   1.76   3.3   21.7   0.578
1999   7   21   16.62   24.5   15.1   1.8   3.5   1.3   0.555
1999   7   22   18.18   19.5   10.5   1.18   2.8   0   0.411
1999   7   23   4.74   13.7   9.7   1.33   3.4   0.9   0.394
1999   7   24   14.84   17.5   10.5   1.34   2.7   0   0.367
1999   7   25   20.14   24.6   13.4   1.67   2   0   0.311
1999   7   26   16.29   24.8   11.6   1.78   2.8   0   0.286
1999   7   27   18.02   21   9.7   1.33   2.7   0   0.266
1999   7   28   23   22.7   6.6   1.23   2.2   0   0.236
1999   7   29   23.66   24.2   7.3   1.22   2.5   0   0.212
1999   7   30   22.64   24.6   8.3   1.29   2.3   0   0.192
1999   7   31   22.81   25.5   8.7   1.34   2.5   0   0.175
1999   8   1   24.03   26   8.1   1.26   2.3   0   0.158
1999   8   2   23.87   25.6   8.2   1.26   2.1   0   0.145
1999   8   3   23.34   26   9   1.29   2.4   0   0.133
1999   8   4   20.78   27   8.7   1.3   2.8   0   0.122
1999   8   5   11.39   24.7   10.8   1.29   3.8   0.7   0.116
1999   8   6   18.89   26   13   1.68   2.6   0   0.116
1999   8   7   9.82   25   11.2   1.65   2.7   0.2   0.112
1999   8   8   19.33   28   13   1.76   2.8   0   0.102
1999   8   9   13.28   26.7   14.9   1.74   3.4   0   0.093
1999   8   10   8.53   22.9   14.3   1.76   3.4   17.6   0.246
1999   8   11   5.55   15.8   12.7   1.45   2.8   2.4   0.21
1999   8   12   9.3   16.2   7.6   1.17   2.5   0   0.154
1999   8   13   14.98   18   7.1   1.11   3.2   0   0.13
1999   8   14   15.05   21.7   5.5   1.21   3.6   0.9   0.111
1999   8   15   16.55   20.2   11.8   1.35   4.5   1.2   0.111
1999   8   16   12.27   18.9   12.3   1.33   3   13.4   0.096
1999   8   17   9.7   17.2   9.8   1.42   2.9   5.3   0.212
1999   8   18   17.39   22.3   8.3   1.41   4.4   1.4   0.151
1999   8   19   17.14   20.9   12.7   1.19   5.3   0   0.108
1999   8   20   17.85   21   10.1   1.16   4   1.2   0.085
1999   8   21   9.04   16.9   9.9   1.29   3.2   0   0.087
1999   8   22   10.27   15.4   5.3   1.07   2.5   0   0.081
1999   8   23   17.44   19.9   3   1.04   1.6   0   0.075
1999   8   24   20.41   22.5   4   1.14   1.7   0   0.068
1999   8   25   20.23   25.8   5.6   1.22   2.5   0   0.06
1999   8   26   12.28   23.8   10   1.29   3.8   0.2   0.053
1999   8   27   10.78   23.7   13   1.74   2.5   0   0.055
1999   8   28   5.21   17.8   14   1.68   2.1   3.8   0.063
1999   8   29   11.87   19.7   8.5   1.41   1.9   0   0.069
1999   8   30   15.12   20.8   7.3   1.23   1.7   0   0.057
1999   8   31   4.38   15.5   9   1.31   3.3   5   0.068
1999   9   1   8.88   17.1   8.3   1.27   3.8   3.1   0.074
1999   9   2   7.87   16.7   6.8   1.27   2.7   1.2   0.072
1999   9   3   12.89   21.8   6.2   1.38   2.2   0   0.069
1999   9   4   17.56   24.2   8.5   1.43   2.5   0   0.058
1999   9   5   18.37   22.9   9.5   1.28   3.9   0   0.047
1999   9   6   15.5   22.9   11   1.41   3.4   0   0.042
1999   9   7   9.14   21.5   12.6   1.56   2.6   0.5   0.042
1999   9   8   13.61   23.8   10.8   1.56   2.3   0   0.042
1999   9   9   13.75   26.4   10.2   1.56   1.8   0   0.038
1999   9   10   15.14   26.9   11   1.55   2.6   0   0.034
1999   9   11   16.58   26.4   10   1.48   2.9   0   0.031
1999   9   12   17.03   26.9   8.8   1.39   2.3   0   0.03
1999   9   13   16.55   27.4   8.7   1.4   2.5   0   0.028
1999   9   14   16.21   27.6   8.6   1.35   2.3   0   0.026
1999   9   15   15.91   27.2   7.6   1.3   2   0   0.026
1999   9   16   9.08   20.4   10   1.4   3   1.1   0.026
1999   9   17   14.64   23.2   7.3   1.35   2.2   21.5   0.03
1999   9   18   10.5   21.4   12.4   1.6   1.8   0.2   0.212
1999   9   19   10.93   22.1   10.7   1.57   3.4   0   0.084
1999   9   20   11.11   23.2   16.5   1.64   4.5   3.7   0.06
1999   9   21   4.01   19.6   10.6   1.5   2.7   0.8   0.063
1999   9   22   8.95   21.8   9.7   1.46   3.7   1   0.058
1999   9   23   8.68   24.2   13.1   1.57   3.8   0.4   0.048
1999   9   24   12.22   22.7   11   1.5   3.7   0   0.044
1999   9   25   3.75   19.7   10.3   1.42   3.8   1.2   0.05
1999   9   26   2.9   16.9   11.3   1.46   3.2   6   0.11
1999   9   27   12.23   19.8   10.1   1.25   4.1   0   0.078
1999   9   28   6.19   17.5   10.8   1.29   4.2   1.1   0.059
1999   9   29   7.78   18   10.4   1.28   4.9   1.6   0.052
1999   9   30   2.88   16.6   12.7   1.43   4.5   3.8   0.06
1999   10   1   6.82   15.3   10.7   1.11   5.2   1.5   0.062
1999   10   2   9.62   17.3   10.1   1.14   4.9   0   0.05
1999   10   3   2.15   15   7.4   1.08   3.8   4.3   0.052
1999   10   4   7.8   13.9   7.4   0.95   3.7   1.3   0.058
1999   10   5   5.82   12   5   0.94   2.9   0   0.053
1999   10   6   4.34   9.7   6.2   0.95   3.2   0.9   0.053
1999   10   7   5.7   11   3.5   0.95   3   1.3   0.054
1999   10   8   3.59   11.4   3.9   0.93   4.1   1.9   0.051
1999   10   9   2.68   13.6   9.1   1.2   4.6   12.2   0.066
1999   10   10   1.38   12.6   8.7   1.26   4   5.2   0.149
1999   10   11   4.9   15.8   9.5   1.28   3.3   3.5   0.113
1999   10   12   7.85   12.4   3.8   0.98   2.8   0   0.099
1999   10   13   7.16   11.4   3.1   0.85   3.2   0   0.078
1999   10   14   1.76   8.9   4.1   0.95   4.1   3.4   0.074
1999   10   15   6.34   9.5   0.8   0.84   2.7   0   0.082
1999   10   16   5.9   7.1   -1.3   0.69   2.4   0.9   0.074
1999   10   17   4.22   6.3   -1.8   0.67   1.2   0   0.071
1999   10   18   10.08   8.6   -2.2   0.62   2.6   0   0.068
1999   10   19   9.68   8.2   -4.3   0.52   3.2   0   0.067
1999   10   20   9.85   7.8   -3.6   0.49   3.6   0   0.066
1999   10   21   1.55   5.9   0.3   0.67   5.2   0   0.065
1999   10   22   6.42   10.9   4.6   0.85   3.2   0   0.068
1999   10   23   5.63   11   5.9   0.94   4.5   2.7   0.069
1999   10   24   8.2   14.1   5   1.04   4.1   0   0.084
1999   10   25   4.42   15.7   7.4   1.12   3.3   5.7   0.109
1999   10   26   8.7   16.9   6.5   1.1   5.1   2.5   0.096
1999   10   27   2.85   12.9   8.1   1.03   4.1   0   0.071
1999   10   28   7.81   15.7   4.4   0.96   3.1   0   0.063
1999   10   29   3.32   12.3   2.5   1   2.4   0.7   0.059
1999   10   30   6.62   15.9   1.5   0.92   4.3   0   0.06
1999   10   31   3.51   13.4   5.4   1.02   4.2   2.9   0.059
1999   11   1   7.1   13.8   0.2   0.82   4.2   0.4   0.056
1999   11   2   1.9   15.6   8.2   1.26   3.8   8.1   0.063
1999   11   3   4.79   9.3   -1.4   0.85   2.7   0   0.122
1999   11   4   7.36   9.7   -2.5   0.65   2.7   0   0.084
1999   11   5   2.86   8.6   -0.6   0.78   4.1   0   0.079
1999   11   6   1.73   11   5.6   0.88   4   2.4   0.076
1999   11   7   3.4   7   1.2   0.76   3.4   1   0.074
1999   11   8   1.55   6.4   5.4   0.88   2.3   10.6   0.086
1999   11   9   0.59   5.6   4.9   0.86   2.7   9.6   0.209
1999   11   10   0.65   5   0.6   0.78   3.5   13   0.488
1999   11   11   1.34   1   0   0.61   2.4   0.3   0.535
1999   11   12   1.67   1.6   -0.3   0.62   1.1   0   0.253
1999   11   13   0.66   2.6   0.3   0.65   1.4   0.8   0.195
1999   11   14   0.77   4.7   -1.5   0.66   4   8.9   0.253
1999   11   15   6.08   1.2   -6.6   0.49   2   0   0.286
1999   11   16   6.91   0.7   -8.1   0.41   3.2   0   0.203
1999   11   17   2.02   1   -3.6   0.47   3.7   1.1   0.179
1999   11   18   3.69   2.5   -1.7   0.53   3.7   1.8   0.169
1999   11   19   1.88   -0.1   -4.5   0.49   2.1   1.4   0.155
1999   11   20   2.45   0.2   -3   0.49   1.6   1.1   0.146
1999   11   21   2.08   -1.3   -3.6   0.46   2.5   3.4   0.135
1999   11   22   2.42   -0.2   -3.2   0.47   2.6   0.6   0.132
1999   11   23   1.94   0.8   -6.8   0.47   2.1   0   0.128
1999   11   24   2   1.7   -8.2   0.5   3.3   0   0.121
1999   11   25   1.75   6.6   0.4   0.75   4.3   0   0.141
1999   11   26   1.83   7.9   0.6   0.75   3.8   0   0.155
1999   11   27   4.57   8.5   2.4   0.69   4.8   0   0.141
1999   11   28   3.88   9.6   2.2   0.76   4.1   0   0.128
1999   11   29   4.69   12   2.7   0.64   4.6   0   0.121
1999   11   30   4.11   10.8   0.7   0.7   4.6   0   0.113
1999   12   1   1.77   8.1   5.4   0.79   6.4   1.2   0.109
1999   12   2   1.45   5.5   1.3   0.65   4.9   3.5   0.111
1999   12   3   1.27   8.8   1.2   0.66   7   1.8   0.117
1999   12   4   2.71   5.1   -2.6   0.52   4.7   1.7   0.126
1999   12   5   1.97   2.2   -1.3   0.56   4.4   0.9   0.112
1999   12   6   1.9   3.9   -2.6   0.53   5.6   0   0.108
1999   12   7   1.49   6.6   4.1   0.75   6.4   3.2   0.113
1999   12   8   4.21   7   2.5   0.71   5.3   0.2   0.121
1999   12   9   0.94   9.2   5.4   0.83   5.2   0   0.116
1999   12   10   3.16   7.8   1.5   0.72   4.1   0   0.109
1999   12   11   4.02   6.4   -2   0.63   6.4   2.4   0.102
1999   12   12   0.92   11.5   5.3   0.94   7.3   0.5   0.113
1999   12   13   2.46   5.8   -0.8   0.65   4.6   3.6   0.104
1999   12   14   1.14   3.6   -0.3   0.6   4.9   4.6   0.115
1999   12   15   1.15   -0.1   -2.7   0.5   3.1   1   0.116
1999   12   16   1.24   -2   -4.2   0.43   2.8   0.2   0.104
1999   12   17   3.53   2.6   -5.5   0.43   6.9   0.3   0.1
1999   12   18   1.59   2.5   -1.6   0.57   4   0.3   0.114
1999   12   19   2.06   0.9   -2.3   0.47   2.6   3.4   0.117
1999   12   20   0.98   -0.6   -2.8   0.5   3.5   1.3   0.111
1999   12   21   1.31   -1   -7.5   0.46   2.3   0   0.105
1999   12   22   4.4   -0.8   -10.4   0.3   4.2   0   0.095
1999   12   23   3.09   -0.2   -3.7   0.31   5.4   0.2   0.095
1999   12   24   2.91   0.7   -3.1   0.43   6.1   0.3   0.1
1999   12   25   1.38   3.7   -0.9   0.55   7.7   5.8   0.113
1999   12   26   0.81   2.1   -0.1   0.61   5.4   8   0.138
1999   12   27   0.64   1.1   -1.7   0.6   3.5   11.6   0.195
1999   12   28   1.86   0.4   -3.3   0.54   2.6   2   0.19
1999   12   29   0.85   0.7   -0.5   0.6   2.7   3   0.157
1999   12   30   1.54   0.6   -1.2   0.58   4.1   1   0.144
1999   12   31   0.79   0.9   -1.9   0.57   2.6   0   0.137